4256  33333  13  2  700  1050  44444  
4285  22222  12  34  600  930  33333  
4994  11111  11  10  500  1750  22222  
5053  22222  12  23  600  930  33333  
2519  11111  11111  30  20  500  1750  
3626  11111  11111  42  20  500  1750  
4423  11111  11111  13  20  500  1750  
5350  11111  11  18  20  500  1750  
5539  22222  12  34  30  600  930  
5569  33333  13  16  40  700  1050  
5605  33333  13  44  40  700  1050  
5621  44444  14  50  50  800  410  
5641  55555  15  5  60  900  1830  
6095  11111  11  23  20  500  1750  
7381  55555  15  5  60  900  1830  
1884  44444  14  25  50  800  410  
